[[162, 203], [275, 279], [623, 627], [1889, 1893]]
[[1025, 1053], [1185, 1199], [1321, 1323]]
[[1686, 1696], [1808, 1825]]
[[2033, 2043], [2048, 2051]]
[[540, 565], [611, 616], [931, 942]]
[[48, 64], [211, 227]]
[[752, 754], [884, 886]]
[[207, 237], [956, 969]]
[[124, 237], [1729, 1821]]
[[661, 750], [1826, 1914]]
[[303, 313], [435, 444]]
[[456, 479], [573, 583]]
[[232, 316], [350, 355]]
[[506, 516], [588, 598]]
[[679, 703], [882, 906]]
[[882, 926], [985, 989], [1000, 1004]]
[[35, 43], [203, 211], [1017, 1025], [1653, 1661]]
[[956, 979], [1068, 1085], [1110, 1127]]
[[71, 147], [1164, 1187]]
[[61, 85], [90, 95]]
[[747, 771], [776, 781]]
[[925, 937], [1208, 1220]]
[[156, 171], [239, 250]]
[[24, 37], [360, 373], [505, 518], [633, 646], [740, 753], [818, 831], [952, 965]]
[[24, 51], [360, 387], [633, 660], [818, 845], [952, 979], [1110, 1115]]
[[42, 51], [378, 387], [530, 539], [651, 660], [767, 776], [836, 845]]
[[55, 110], [592, 607]]
[[551, 577], [596, 599]]
[[711, 731], [899, 918]]
[[83, 144], [225, 227], [331, 337], [1261, 1267], [1509, 1515]]
[[341, 395], [397, 413], [462, 467], [587, 605]]
[[484, 493], [943, 1000]]
[[1002, 1016], [1114, 1128]]
[[309, 315], [1205, 1216], [1360, 1362]]
[[23, 35], [308, 320], [855, 867], [1364, 1376]]
[[70, 81], [385, 396], [839, 850]]
[[401, 458], [802, 806], [881, 898], [1016, 1028]]
[[943, 957], [994, 999]]
[[155, 164], [1055, 1064]]
[[1055, 1101], [1288, 1299]]
[[1363, 1391], [1526, 1537]]
[[55, 89], [203, 237]]
[[420, 426], [834, 840], [1031, 1037], [1368, 1374]]
[[858, 865], [918, 922]]
[[428, 434], [1069, 1075], [1285, 1291]]
[[439, 444], [1080, 1085], [1296, 1301]]
[[1147, 1181], [1247, 1263]]
[[396, 444], [1265, 1301]]
[[101, 137], [336, 410], [617, 674], [911, 938]]
[[105, 108], [347, 378], [628, 631], [915, 918]]
[[47, 79], [589, 595], [899, 905], [997, 999]]
[[48, 83], [242, 268], [466, 481], [817, 832]]
[[48, 144], [242, 285]]
[[88, 100], [273, 285], [494, 506], [857, 869]]
[[128, 130], [159, 162], [425, 427], [513, 516]]
[[159, 171], [513, 525]]
[[378, 416], [576, 669], [999, 1022], [1104, 1127], [1256, 1279], [1387, 1410]]
[[72, 110], [765, 782]]
[[723, 760], [1300, 1303], [1510, 1541]]
[[688, 760], [1478, 1541]]
[[1613, 1645], [1844, 1846]]
[[132, 166], [168, 257], [353, 363], [571, 588], [618, 635]]
[[377, 405], [1277, 1313]]
[[61, 77], [1281, 1297]]
[[1176, 1187], [1407, 1418]]
[[964, 1000], [1572, 1604]]
[[60, 84], [185, 215], [296, 335], [511, 525], [649, 663]]
[[77, 84], [208, 215], [320, 327]]
[[189, 193], [331, 335]]
[[282, 335], [381, 392], [527, 543], [625, 663], [1077, 1097], [1549, 1571]]
[[257, 335], [465, 480]]
[[788, 802], [812, 826], [954, 968], [1372, 1386]]
[[86, 96], [1184, 1194], [1575, 1585]]
[[143, 164], [287, 312], [669, 693]]
[[85, 126], [428, 479], [1298, 1355]]
[[102, 126], [445, 479], [1315, 1355]]
[[281, 315], [505, 509], [1285, 1289], [1324, 1328], [1511, 1515], [1599, 1603], [1642, 1646]]
[[320, 361], [514, 519], [1305, 1310], [1520, 1525], [1620, 1625], [1651, 1656]]
[[468, 519], [525, 535]]
[[419, 449], [618, 634]]
[[654, 658], [917, 921], [972, 976], [1080, 1084], [1172, 1176], [1460, 1464], [1549, 1553]]
[[32, 99], [952, 966]]
[[0, 99], [1145, 1156]]
[[78, 88], [384, 420], [1382, 1398]]
[[519, 541], [631, 653], [793, 815], [909, 931]]
[[553, 653], [887, 904], [1098, 1115]]
[[118, 153], [208, 309], [770, 886], [1714, 1737]]
[[52, 93], [440, 569], [571, 584]]
[[639, 664], [670, 680], [989, 1038]]
[[241, 269], [795, 833]]
[[274, 307], [838, 886], [1483, 1516]]
[[155, 165], [1689, 1699]]
[[40, 62], [141, 163], [1317, 1339]]
[[298, 363], [418, 435]]
[[666, 684], [689, 694]]
[[373, 435], [820, 844], [1100, 1124]]
[[786, 807], [1061, 1082]]
[[1317, 1369], [1446, 1470]]
[[356, 420], [577, 593], [699, 715], [1095, 1111], [1560, 1576], [1621, 1637]]
[[422, 431], [663, 685], [936, 958]]
[[448, 456], [737, 749]]
[[1043, 1065], [1214, 1236]]
[[303, 310], [1639, 1648]]
[[134, 147], [249, 262], [1648, 1661]]
[[380, 456], [474, 489]]
[[1336, 1356], [1419, 1439]]
[[501, 516], [598, 613]]
[[198, 243], [667, 695]]
[[635, 695], [721, 726]]
[[1090, 1099], [1142, 1155]]
[[365, 397], [471, 476], [498, 502], [533, 538], [589, 610], [615, 620]]
[[471, 492], [533, 556], [615, 641]]
[[607, 610], [967, 970]]
[[953, 970], [982, 987]]
[[172, 206], [284, 298]]
[[389, 416], [421, 426]]
[[339, 435], [788, 810]]
[[994, 1020], [1025, 1030]]
[[912, 1039], [1056, 1069]]
[[39, 108], [478, 495]]
[[505, 548], [701, 713]]
[[732, 777], [1122, 1133]]
[[888, 906], [1238, 1254]]
[[779, 812], [1242, 1245]]
[[818, 863], [1250, 1254]]
[[1146, 1176], [1299, 1333]]
[[77, 113], [301, 308]]
[[331, 338], [462, 478]]
[[51, 99], [169, 180], [502, 514]]
[[293, 300], [687, 694]]
[[62, 92], [192, 204]]
[[1218, 1304], [1422, 1427]]
[[502, 524], [502, 630], [603, 630], [1706, 1720]]
[[1207, 1244], [1276, 1278]]
[[202, 240], [623, 626]]
[[172, 197], [911, 923]]
[[300, 302], [1007, 1009]]
[[34, 62], [64, 83], [521, 540]]
[[612, 638], [656, 658]]
[[90, 124], [129, 224]]
[[225, 265], [379, 396]]
[[278, 283], [437, 449]]
[[155, 170], [458, 483], [572, 586]]
[[82, 85], [215, 217]]
[[331, 348], [419, 421]]
[[393, 455], [568, 581]]
[[664, 666], [724, 727]]
[[675, 800], [884, 898]]
[[1000, 1034], [1039, 1051]]
[[100, 102], [374, 376], [799, 802], [815, 817], [1281, 1283], [1430, 1432]]
[[273, 289], [387, 391]]
[[569, 587], [628, 641]]
[[377, 386], [799, 813]]
[[146, 208], [824, 836], [941, 978]]
[[168, 189], [941, 959], [946, 959]]
[[194, 208], [964, 978]]
[[1313, 1356], [1370, 1375], [1441, 1457], [1519, 1524], [1642, 1666]]
[[17, 72], [107, 162], [107, 163], [1560, 1571], [1608, 1617]]
[[1203, 1206], [1458, 1460]]
[[1429, 1440], [1489, 1501]]
[[56, 75], [84, 96]]
[[77, 150], [180, 185]]
[[299, 347], [379, 384]]
[[322, 347], [538, 553]]
[[469, 495], [1143, 1171]]
[[298, 303], [382, 386], [456, 460]]
[[597, 603], [781, 791]]
[[975, 996], [1084, 1108]]
[[1228, 1258], [1758, 1770]]
[[105, 136], [199, 241], [1591, 1602]]
[[249, 304], [385, 404]]
[[153, 171], [487, 505], [690, 701]]
[[950, 986], [1116, 1134], [1172, 1204]]
[[1313, 1437], [1493, 1509]]
[[1278, 1280], [1511, 1513]]
[[109, 119], [128, 133]]
[[54, 107], [204, 214]]
[[358, 421], [538, 564], [910, 936]]
[[451, 466], [572, 591]]
[[836, 843], [970, 974]]
[[75, 108], [137, 167]]
[[449, 463], [465, 485]]
[[611, 613], [754, 756]]
[[117, 135], [1385, 1403], [1595, 1613]]
[[664, 671], [1479, 1486]]
[[55, 100], [161, 307], [221, 226], [309, 322]]
[[102, 104], [458, 460], [670, 672], [1030, 1032]]
[[30, 37], [117, 124], [264, 271], [693, 700], [1043, 1050]]
[[102, 124], [249, 271], [678, 700], [727, 730]]
[[195, 220], [400, 425]]
[[308, 315], [443, 459]]
[[466, 511], [587, 617]]
[[565, 582], [774, 791]]
[[427, 429], [981, 983]]
[[21, 63], [291, 328], [434, 448], [1084, 1098], [1291, 1305]]
[[615, 643], [723, 725]]
[[533, 549], [809, 825]]
[[707, 721], [874, 888]]
[[687, 702], [1016, 1031]]
[[84, 96], [1103, 1115], [1103, 1125], [1368, 1374]]
[[1084, 1125], [1151, 1163], [1291, 1325]]
[[1310, 1325], [1379, 1391]]
[[167, 206], [388, 415]]
[[79, 148], [442, 482], [669, 679]]
[[501, 615], [714, 728]]
[[132, 168], [631, 643], [912, 924]]
[[593, 603], [673, 684], [673, 728]]
[[72, 79], [195, 213]]
[[695, 707], [740, 743], [783, 786]]
[[61, 79], [286, 304], [738, 751]]
[[61, 86], [286, 311], [375, 385]]
[[405, 417], [583, 603], [656, 668]]
[[717, 757], [904, 921]]
[[627, 648], [881, 891]]
[[933, 936], [1107, 1110], [1215, 1218], [1674, 1677]]
[[44, 76], [196, 228]]
[[230, 232], [1654, 1656]]
[[12, 116], [46, 51]]
[[201, 211], [240, 245]]
[[281, 437], [476, 480], [502, 506], [516, 521], [548, 552], [567, 572], [604, 608], [671, 681]]
[[845, 849], [854, 858]]
[[803, 841], [866, 878]]
[[470, 474], [966, 970]]
[[1075, 1120], [1206, 1216], [1367, 1391]]
[[1050, 1066], [1307, 1327]]
[[1560, 1608], [1620, 1625], [1640, 1650], [1679, 1684], [1701, 1715]]
[[262, 375], [819, 831]]
[[872, 881], [933, 946]]
[[1086, 1138], [1191, 1206]]
[[274, 283], [295, 307]]
[[330, 345], [416, 430]]
[[347, 349], [552, 554], [1394, 1397], [1551, 1553]]
[[976, 1001], [992, 997]]
[[1003, 1029], [1076, 1078]]
[[1062, 1066], [1114, 1118]]
[[1535, 1561], [1673, 1690]]
[[224, 234], [591, 601]]
[[392, 394], [750, 752]]
[[498, 533], [1181, 1183]]
[[538, 573], [1208, 1220], [1682, 1694], [1906, 1918]]
[[1285, 1299], [1371, 1385]]
[[1145, 1148], [1449, 1452]]
[[901, 921], [1619, 1623]]
[[1177, 1199], [1638, 1673]]
[[923, 961], [1774, 1776]]
[[967, 983], [1920, 1923]]
[[2000, 2019], [2104, 2106]]
[[133, 222], [338, 346]]
[[301, 303], [574, 576], [1494, 1496], [1766, 1768], [1877, 1879]]
[[331, 359], [601, 613], [974, 986], [1190, 1202], [1302, 1314], [1513, 1525], [1630, 1642], [1851, 1863], [1973, 1985]]
[[49, 131], [632, 664]]
[[406, 485], [653, 664], [1444, 1454], [1554, 1581], [1947, 1969]]
[[411, 437], [666, 669], [807, 810], [1145, 1148], [1233, 1236], [1233, 1241], [1563, 1566], [1951, 1954]]
[[442, 479], [674, 678], [1153, 1157]]
[[489, 525], [898, 903], [905, 914]]
[[1077, 1090], [1218, 1231], [1391, 1404]]
[[949, 956], [1349, 1356], [1485, 1492], [1647, 1654], [1868, 1875]]
[[1060, 1072], [1374, 1386]]
[[1010, 1057], [1675, 1754]]
[[540, 550], [1812, 1822]]
[[1630, 1654], [1851, 1875]]
[[34, 52], [260, 293], [368, 384], [2047, 2065]]
[[43, 52], [284, 293], [663, 672], [1450, 1459], [2056, 2065]]
[[0, 10], [576, 620], [1602, 1612], [1959, 1969]]
[[625, 635], [1429, 1439]]
[[1367, 1374], [1523, 1530]]
[[1414, 1423], [1539, 1548]]
[[1355, 1362], [1577, 1584]]
[[523, 525], [1774, 1776]]
[[1921, 1932], [1980, 1997]]
[[34, 38], [2047, 2051]]
[[79, 93], [129, 152], [259, 265], [742, 748], [783, 789], [1240, 1246], [1734, 1740]]
[[21, 24], [846, 849], [1004, 1007]]
[[969, 994], [1025, 1041]]
[[650, 652], [1248, 1250]]
[[1093, 1096], [1386, 1389]]
[[1181, 1185], [1457, 1461]]
[[1477, 1510], [1553, 1555]]
[[1611, 1623], [1688, 1693]]
[[1653, 1657], [1744, 1748]]
[[1785, 1797], [1808, 1813]]
[[92, 132], [134, 160], [1011, 1028]]
[[0, 7], [205, 217], [334, 336], [554, 556], [625, 627], [862, 864], [1041, 1043], [1272, 1274]]
[[341, 346], [526, 538]]
[[996, 1028], [1218, 1226]]
[[378, 402], [672, 675]]
[[407, 419], [677, 689]]
[[464, 497], [693, 702]]
[[622, 658], [808, 811], [864, 867], [1125, 1128], [1254, 1257], [1333, 1336]]
[[816, 819], [852, 855], [1242, 1245], [1341, 1344]]
[[995, 1045], [1039, 1045]]
[[1137, 1213], [1259, 1270]]
[[803, 819], [1328, 1344]]
[[603, 617], [1421, 1435]]
[[68, 99], [101, 140], [603, 616]]
[[83, 99], [124, 140], [818, 834]]
[[237, 259], [392, 408], [482, 498]]
[[550, 580], [588, 601]]
[[78, 88], [584, 598], [1053, 1073], [1216, 1230], [1359, 1373]]
[[499, 547], [820, 829]]
[[526, 547], [953, 972]]
[[28, 33], [1096, 1101]]
[[119, 127], [1279, 1287], [1421, 1429]]
[[21, 78], [215, 278]]
[[44, 78], [238, 278], [1075, 1115]]
[[331, 446], [561, 582]]
[[668, 680], [746, 758]]
[[694, 706], [772, 784]]
[[185, 278], [1060, 1115]]
[[124, 148], [1180, 1206]]
[[11, 48], [146, 222], [1160, 1164], [1355, 1359], [1738, 1742], [1926, 1951]]
[[74, 91], [265, 288]]
[[404, 411], [437, 469], [752, 769]]
[[290, 327], [471, 479]]
[[344, 369], [1046, 1063], [1318, 1334], [1419, 1426], [1613, 1629]]
[[1302, 1309], [1504, 1511]]
[[804, 858], [1554, 1580], [1672, 1698], [1858, 1884]]
[[1489, 1492], [2022, 2025]]
[[96, 132], [263, 299]]
[[110, 132], [277, 299]]
[[998, 1018], [1165, 1167]]
[[265, 318], [323, 328]]
[[99, 110], [388, 395], [1025, 1028], [1841, 1844], [2033, 2036]]
[[167, 240], [496, 569], [571, 592]]
[[171, 174], [500, 503], [575, 578]]
[[740, 773], [778, 783]]
[[440, 450], [830, 847]]
[[887, 958], [965, 969]]
[[412, 417], [990, 995], [1107, 1125], [1111, 1116], [1856, 1861]]
[[397, 406], [1033, 1038], [1846, 1851], [2038, 2043]]
[[345, 438], [1479, 1502], [1837, 1873], [2029, 2067], [2164, 2186]]
[[128, 151], [264, 270]]
[[0, 55], [595, 606]]
[[477, 481], [662, 670]]
[[558, 593], [911, 935], [988, 1001], [1063, 1083]]
[[500, 515], [1205, 1222], [1384, 1401]]
[[1118, 1140], [1353, 1375], [1466, 1488]]
[[960, 1001], [1632, 1662]]
[[1691, 1700], [1750, 1763]]
[[89, 109], [165, 190], [336, 338]]
[[151, 190], [322, 347], [451, 456], [474, 482], [651, 663]]
[[203, 215], [368, 440], [457, 465], [761, 773], [1170, 1182], [1505, 1513]]
[[938, 954], [961, 966]]
[[151, 170], [184, 186], [1008, 1010], [1107, 1121]]
[[505, 536], [785, 801]]
[[139, 170], [975, 1010]]
[[942, 958], [1056, 1071]]
[[143, 168], [419, 492], [551, 573]]
[[119, 129], [704, 715], [1433, 1450]]
[[626, 634], [810, 818]]
[[736, 759], [820, 834]]
[[944, 946], [1376, 1378], [1411, 1413]]
[[49, 109], [199, 209], [310, 320]]
[[60, 82], [239, 308], [1147, 1158], [1491, 1504]]
[[105, 109], [550, 554]]
[[210, 212], [592, 594]]
[[970, 979], [1612, 1621]]
[[34, 47], [188, 207]]
[[565, 586], [591, 594]]
[[565, 568], [684, 687], [867, 870], [1027, 1030], [1121, 1124], [1297, 1300], [1636, 1639]]
[[89, 97], [689, 697]]
[[743, 764], [782, 804], [1047, 1069]]
[[486, 496], [896, 905]]
[[583, 697], [907, 923], [1214, 1231]]
[[724, 739], [1148, 1165]]
[[821, 868], [1167, 1174]]
[[79, 103], [448, 472], [1120, 1144]]
[[177, 215], [557, 574]]
[[219, 319], [578, 583]]
[[619, 626], [856, 863]]
[[1261, 1275], [1407, 1411]]
[[122, 160], [537, 544], [541, 544], [750, 753]]
[[162, 236], [546, 551], [699, 704], [996, 1001]]
[[242, 295], [557, 562], [709, 714], [1006, 1011]]
[[537, 562], [699, 714], [996, 1011]]
[[80, 100], [162, 187], [303, 305], [452, 454], [1077, 1079]]
[[531, 535], [674, 678]]
[[540, 544], [696, 700]]
[[1178, 1194], [1235, 1246]]
[[156, 176], [282, 292]]
[[219, 249], [395, 407]]
[[18, 65], [491, 501]]
[[576, 635], [728, 800]]
[[686, 707], [802, 827]]
[[1145, 1157], [1221, 1233], [1281, 1293], [1328, 1340], [1406, 1418]]
[[1532, 1544], [1595, 1599]]
[[60, 205], [300, 341]]
[[0, 32], [34, 37]]
[[312, 315], [327, 329], [532, 534]]
[[258, 301], [848, 893], [1474, 1486], [1832, 1883]]
[[345, 487], [1836, 1841]]
[[704, 757], [797, 819]]
[[542, 571], [839, 854]]
[[223, 272], [560, 565]]
[[442, 477], [868, 880]]
[[119, 147], [163, 168], [296, 315]]
[[503, 513], [838, 848]]
[[968, 977], [1204, 1208]]
[[59, 65], [170, 176], [574, 580], [1691, 1697]]
[[386, 425], [794, 812], [1252, 1270]]
[[480, 501], [1212, 1230]]
[[494, 501], [1216, 1223]]
[[798, 805], [1256, 1263]]
[[816, 842], [1495, 1515]]
[[42, 72], [476, 553], [946, 954], [1470, 1474], [1593, 1601]]
[[555, 569], [1007, 1019]]
[[1204, 1206], [1386, 1388]]
[[1568, 1601], [1612, 1625]]
[[100, 219], [317, 354], [1298, 1332], [1673, 1696]]
[[785, 823], [887, 892]]
[[1092, 1141], [1404, 1424], [1472, 1506]]
[[1092, 1117], [1927, 1948]]
[[1256, 1296], [1964, 1990]]
[[14, 50], [55, 60]]
[[231, 258], [275, 279]]
[[342, 415], [735, 772]]
[[728, 772], [787, 792], [808, 813]]
[[1020, 1130], [1174, 1178]]
[[1207, 1226], [1237, 1239], [1263, 1273]]
[[1326, 1338], [1415, 1426]]
[[434, 513], [1511, 1522]]
[[933, 945], [970, 975]]
[[954, 964], [1080, 1096]]
[[1522, 1534], [1589, 1594]]
[[119, 151], [368, 380], [861, 872], [893, 904], [1030, 1041], [1131, 1142], [1225, 1236], [1417, 1468]]
[[407, 425], [449, 468]]
[[607, 623], [685, 710], [986, 1007], [1259, 1280]]
[[730, 750], [1066, 1083], [1306, 1323]]
[[874, 904], [1112, 1142]]
[[147, 246], [314, 331], [637, 654]]
[[248, 286], [479, 492]]
[[134, 144], [181, 184]]
[[89, 97], [212, 225]]
[[339, 408], [522, 531], [628, 633], [929, 944], [1048, 1063]]
[[90, 100], [257, 266], [1407, 1416]]
[[318, 395], [1275, 1286], [1425, 1436], [1620, 1631]]
[[168, 176], [1455, 1477]]
[[457, 471], [1492, 1508]]
[[1486, 1491], [1510, 1521]]
[[385, 395], [1543, 1553]]
[[767, 774], [834, 844], [910, 917]]
[[653, 655], [898, 900], [1084, 1086]]
[[921, 968], [1187, 1198]]
[[678, 755], [1731, 1749]]
